{
  "advancedEditorSelectedIdentifier" : "ProjectBrowser",
  "openSceneRelativePaths" : [
    "DomeImmersive.usda",
    "Immersive.usda",
    "ExperimentTable.usda",
    "UniverseTable.usda"
  ],
  "recentIdentifiers" : {
    "9B9257BC-614D-4561-9BBE-F75996143A9D" : [

    ],
    "C6A7F375-BFE9-46E0-9EA6-1A6B150F43FD" : [

    ],
    "FFEA1E90-01EC-4C93-AA56-A015544CCDF5" : [

    ]
  },
  "sceneCameraHistory" : {
    "9B9257BC-614D-4561-9BBE-F75996143A9D" : [
      {
        "date" : 750266373.608032,
        "title" : "Untitled",
        "transform" : [
          0.21757586,
          4.3501838e-09,
          -0.9760434,
          0,
          -0.23908445,
          0.96953505,
          -0.05329579,
          0,
          0.9463084,
          0.2449527,
          0.21094745,
          0,
          -1.4941036,
          0.5193577,
          -0.38817927,
          1
        ]
      },
      {
        "date" : 750266364.215602,
        "title" : "Untitled",
        "transform" : [
          0.21757586,
          4.3501838e-09,
          -0.9760434,
          0,
          -0.23908445,
          0.96953505,
          -0.05329579,
          0,
          0.9463084,
          0.2449527,
          0.21094745,
          0,
          0.65913326,
          1.0767244,
          0.091812305,
          1
        ]
      },
      {
        "date" : 750266344.674721,
        "title" : "Untitled",
        "transform" : [
          0.21757586,
          4.3501838e-09,
          -0.9760434,
          0,
          -0.23908445,
          0.96953505,
          -0.05329579,
          0,
          0.9463084,
          0.2449527,
          0.21094745,
          0,
          0.8096888,
          1.1156957,
          0.12537362,
          1
        ]
      },
      {
        "date" : 750266340.497086,
        "title" : "Untitled",
        "transform" : [
          -0.15606268,
          3.220138e-08,
          -0.98774713,
          0,
          -0.23929496,
          0.97021055,
          0.03780829,
          0,
          0.9583227,
          0.24226338,
          -0.15141363,
          0,
          0.8096888,
          1.1156957,
          0.12537362,
          1
        ]
      },
      {
        "date" : 750266337.467468,
        "title" : "Untitled",
        "transform" : [
          -0.15606268,
          3.220138e-08,
          -0.98774713,
          0,
          -0.23929496,
          0.97021055,
          0.03780829,
          0,
          0.9583227,
          0.24226338,
          -0.15141363,
          0,
          1.2195243,
          1.2193031,
          0.06062001,
          1
        ]
      },
      {
        "date" : 750266334.989435,
        "title" : "Untitled",
        "transform" : [
          -0.15606269,
          3.2201385e-08,
          -0.98774725,
          0,
          -0.23929496,
          0.97021055,
          0.03780829,
          0,
          0.9583228,
          0.2422634,
          -0.15141365,
          0,
          1.1230308,
          1.1895212,
          0.055823524,
          1
        ]
      },
      {
        "date" : 750266307.340333,
        "title" : "Untitled",
        "transform" : [
          0.8487609,
          3.264941e-08,
          -0.52877694,
          0,
          -0.23885265,
          0.89216596,
          -0.38339186,
          0,
          0.47175676,
          0.4517078,
          0.7572356,
          0,
          0.3311473,
          1.4253109,
          0.96726537,
          1
        ]
      },
      {
        "date" : 750266272.21748,
        "title" : "Untitled",
        "transform" : [
          0.9065842,
          2.7309142e-09,
          -0.422025,
          0,
          -0.16985148,
          0.9154341,
          -0.36487097,
          0,
          0.3863361,
          0.40246782,
          0.82991815,
          0,
          0.3311473,
          1.4253109,
          0.96726537,
          1
        ]
      },
      {
        "date" : 750266248.32588,
        "title" : "Untitled",
        "transform" : [
          0.87286466,
          -2.7004232e-08,
          -0.48796245,
          0,
          -0.19244531,
          0.918945,
          -0.34424517,
          0,
          0.4484107,
          0.39438552,
          0.8021146,
          0,
          0.523296,
          1.763252,
          1.5285224,
          1
        ]
      },
      {
        "date" : 750266230.882636,
        "title" : "Untitled",
        "transform" : [
          0.99524105,
          3.454888e-05,
          -0.09744402,
          0,
          -0.028090857,
          0.9576488,
          -0.28656533,
          0,
          0.093307264,
          0.2879388,
          0.9530924,
          0,
          0.07357634,
          1.3690151,
          1.6247028,
          1
        ]
      }
    ],
    "AC77BE5F-CB5F-43B1-9D5F-758077A31EF9" : [
      {
        "date" : 750257388.17567,
        "title" : "Untitled",
        "transform" : [
          1,
          0,
          0,
          0,
          0,
          0.7071069,
          -0.70710677,
          0,
          0,
          0.70710677,
          0.7071069,
          0,
          0,
          3.3297935,
          3.329795,
          1
        ]
      },
      {
        "date" : 750257377.395272,
        "title" : "Untitled",
        "transform" : [
          1,
          0,
          0,
          0,
          0,
          0.7071069,
          -0.70710677,
          0,
          0,
          0.70710677,
          0.7071069,
          0,
          0,
          2.6388788,
          2.6388793,
          1
        ]
      }
    ],
    "C6A7F375-BFE9-46E0-9EA6-1A6B150F43FD" : [
      {
        "date" : 750266384.906928,
        "title" : "Untitled",
        "transform" : [
          -0.78966576,
          -5.189044e-09,
          0.6135372,
          0,
          0.28584588,
          0.8848383,
          0.36790386,
          0,
          -0.54288125,
          0.4658982,
          -0.69872653,
          0,
          -4.6928616,
          3.2227075,
          -0.93701005,
          1
        ]
      },
      {
        "date" : 750266380.818844,
        "title" : "Untitled",
        "transform" : [
          -0.20006134,
          1.8632134e-08,
          0.97978336,
          0,
          0.49738818,
          0.8615628,
          0.10156137,
          0,
          -0.8441449,
          0.50765115,
          -0.17236543,
          0,
          -4.6928616,
          3.2227075,
          -0.93701005,
          1
        ]
      },
      {
        "date" : 750262877.149635,
        "title" : "Untitled",
        "transform" : [
          -0.20006134,
          1.8632134e-08,
          0.97978336,
          0,
          0.49738818,
          0.8615628,
          0.10156137,
          0,
          -0.8441449,
          0.50765115,
          -0.17236543,
          0,
          -1.8330226,
          1.5028603,
          -0.3530613,
          1
        ]
      },
      {
        "date" : 750262653.045836,
        "title" : "Untitled",
        "transform" : [
          -0.20006134,
          1.8632134e-08,
          0.97978336,
          0,
          0.49738818,
          0.8615628,
          0.10156137,
          0,
          -0.8441449,
          0.50765115,
          -0.17236543,
          0,
          -2.6788628,
          2.0115314,
          -0.5257728,
          1
        ]
      },
      {
        "date" : 750262605.544111,
        "title" : "Untitled",
        "transform" : [
          -0.20006138,
          -3.2411878e-09,
          0.97978336,
          0,
          0.31445262,
          0.9470992,
          0.0642079,
          0,
          -0.927952,
          0.32094097,
          -0.18947797,
          0,
          -1.9105399,
          1.5507177,
          -0.3566283,
          1
        ]
      },
      {
        "date" : 750262180.361931,
        "title" : "Untitled",
        "transform" : [
          -0.20006138,
          -3.2411878e-09,
          0.97978336,
          0,
          0.31445262,
          0.9470992,
          0.0642079,
          0,
          -0.927952,
          0.32094097,
          -0.18947797,
          0,
          -1.1481869,
          1.2870508,
          -0.20096414,
          1
        ]
      },
      {
        "date" : 750262171.187453,
        "title" : "Untitled",
        "transform" : [
          0.27364126,
          -4.3352895e-09,
          0.96183187,
          0,
          0.3869218,
          0.91551834,
          -0.11007929,
          0,
          -0.8805747,
          0.40227598,
          0.2505236,
          0,
          -1.1481869,
          1.2870508,
          -0.20096414,
          1
        ]
      },
      {
        "date" : 750262013.082453,
        "title" : "Untitled",
        "transform" : [
          -0.73830014,
          -4.3312838e-09,
          -0.67447233,
          0,
          -0.27062982,
          0.9159699,
          0.29624054,
          0,
          0.61779636,
          0.4012468,
          -0.67626077,
          0,
          1.0826035,
          1.2858714,
          -0.43263647,
          1
        ]
      },
      {
        "date" : 750261734.29121,
        "title" : "Untitled",
        "transform" : [
          -0.73830014,
          -4.3312838e-09,
          -0.67447233,
          0,
          -0.27062982,
          0.9159699,
          0.29624054,
          0,
          0.61779636,
          0.4012468,
          -0.67626077,
          0,
          1.5139496,
          1.5660193,
          -0.9047983,
          1
        ]
      },
      {
        "date" : 750261732.801934,
        "title" : "Untitled",
        "transform" : [
          -0.73830014,
          -4.3312838e-09,
          -0.67447233,
          0,
          -0.27062982,
          0.9159699,
          0.29624054,
          0,
          0.6177963,
          0.40124673,
          -0.6762607,
          0,
          1.403714,
          1.4944234,
          -0.7841307,
          1
        ]
      }
    ],
    "FFEA1E90-01EC-4C93-AA56-A015544CCDF5" : [
      {
        "date" : 750266483.988132,
        "title" : "Untitled",
        "transform" : [
          0.97707945,
          1.7932409e-09,
          0.212875,
          0,
          0.0801045,
          0.9264986,
          -0.36767352,
          0,
          -0.19722842,
          0.37629843,
          0.9052627,
          0,
          -0.17659144,
          1.1072253,
          1.2629502,
          1
        ]
      },
      {
        "date" : 750266480.917951,
        "title" : "Untitled",
        "transform" : [
          0.74022233,
          3.6217527e-09,
          -0.6723622,
          0,
          -0.34827104,
          0.85539204,
          -0.3834213,
          0,
          0.5751332,
          0.51798123,
          0.6331803,
          0,
          0.4641197,
          1.2296543,
          0.9280855,
          1
        ]
      },
      {
        "date" : 750266447.068774,
        "title" : "Untitled",
        "transform" : [
          -0.10409656,
          -1.5646071e-09,
          -0.9945672,
          0,
          -0.40616292,
          0.9128114,
          0.042511117,
          0,
          0.90785223,
          0.40838158,
          -0.095020525,
          0,
          0.6948952,
          1.145318,
          0.3581034,
          1
        ]
      },
      {
        "date" : 750266441.257801,
        "title" : "Untitled",
        "transform" : [
          -0.10409656,
          -1.5646071e-09,
          -0.9945672,
          0,
          -0.40616292,
          0.9128114,
          0.042511117,
          0,
          0.90785223,
          0.40838158,
          -0.095020525,
          0,
          1.3408585,
          1.4264355,
          0.69099045,
          1
        ]
      },
      {
        "date" : 750266419.500415,
        "title" : "Untitled",
        "transform" : [
          0.5650524,
          -1.1721071e-06,
          -0.8250549,
          0,
          -0.39594284,
          0.87732357,
          -0.27116925,
          0,
          0.72384036,
          0.47989944,
          0.49573347,
          0,
          1.3408585,
          1.4264355,
          0.69099045,
          1
        ]
      },
      {
        "date" : 750266411.393699,
        "title" : "Untitled",
        "transform" : [
          0.54513395,
          -1.1663165e-06,
          -0.8383489,
          0,
          -0.18376927,
          0.975679,
          -0.11949681,
          0,
          0.81795955,
          0.2192045,
          0.5318756,
          0,
          1.4069523,
          0.9969133,
          0.6911532,
          1
        ]
      },
      {
        "date" : 750266396.43618,
        "title" : "Untitled",
        "transform" : [
          0.54513395,
          -1.1663165e-06,
          -0.8383489,
          0,
          -0.18376927,
          0.975679,
          -0.11949681,
          0,
          0.81795955,
          0.2192045,
          0.5318756,
          0,
          2.8858762,
          0.99366885,
          1.417662,
          1
        ]
      },
      {
        "date" : 750265817.559254,
        "title" : "Untitled",
        "transform" : [
          0.54513395,
          -1.1663165e-06,
          -0.8383489,
          0,
          -0.18376927,
          0.975679,
          -0.11949681,
          0,
          0.81795955,
          0.2192045,
          0.5318756,
          0,
          5.368541,
          1.7248822,
          0.98405737,
          1
        ]
      },
      {
        "date" : 750265051.345467,
        "title" : "Untitled",
        "transform" : [
          0.54513395,
          -1.1663165e-06,
          -0.8383489,
          0,
          -0.18376927,
          0.975679,
          -0.11949681,
          0,
          0.81795955,
          0.2192045,
          0.5318756,
          0,
          5.368541,
          1.7248822,
          0.98405737,
          1
        ]
      },
      {
        "date" : 750265042.486507,
        "title" : "Untitled",
        "transform" : [
          0.54363644,
          -1.1663165e-06,
          -0.83932084,
          0,
          -0.18398231,
          0.975679,
          -0.11916854,
          0,
          0.8189078,
          0.2192045,
          0.53041446,
          0,
          2.3550735,
          0.83759505,
          1.5051365,
          1
        ]
      }
    ]
  },
  "sceneViewportBackgroundColors" : {

  },
  "selectedSceneRelativePath" : "ExperimentTable.usda"
}