{
  "advancedEditorSelectedIdentifier" : "ProjectBrowser",
  "openSceneRelativePaths" : [
    "DomeImmersive.usda",
    "Immersive.usda",
    "UniverseTable.usda",
    "ExperimentTable.usda"
  ],
  "recentIdentifiers" : {
    "21F35596-F8B1-48CF-9DC4-DB4DB8E33366" : [

    ],
    "9B9257BC-614D-4561-9BBE-F75996143A9D" : [

    ],
    "C6A7F375-BFE9-46E0-9EA6-1A6B150F43FD" : [

    ],
    "FFEA1E90-01EC-4C93-AA56-A015544CCDF5" : [

    ]
  },
  "sceneCameraHistory" : {
    "21F35596-F8B1-48CF-9DC4-DB4DB8E33366" : [
      {
        "date" : 750349105.463402,
        "title" : "Untitled",
        "transform" : [
          0.2605781,
          3.6432453e-08,
          -0.9654528,
          0,
          -0.49470887,
          0.8587402,
          -0.13352312,
          0,
          0.8290731,
          0.51241136,
          0.22376892,
          0,
          0.72304064,
          1.2390574,
          0.06455463,
          1
        ]
      },
      {
        "date" : 750336654.16053,
        "title" : "Untitled",
        "transform" : [
          0.2605781,
          3.6432453e-08,
          -0.9654528,
          0,
          -0.49470887,
          0.8587402,
          -0.13352312,
          0,
          0.8290731,
          0.51241136,
          0.22376892,
          0,
          0.99668,
          1.7079866,
          0.08898573,
          1
        ]
      },
      {
        "date" : 750335971.1747,
        "title" : "Untitled",
        "transform" : [
          -0.011011484,
          3.858506e-08,
          -0.9999394,
          0,
          -0.2852556,
          0.9584463,
          0.003141289,
          0,
          0.9583882,
          0.28527305,
          -0.010553883,
          0,
          1.1761363,
          1.4375539,
          -0.18676381,
          1
        ]
      },
      {
        "date" : 750335967.178045,
        "title" : "Untitled",
        "transform" : [
          -0.011011484,
          3.858506e-08,
          -0.9999394,
          0,
          -0.2852556,
          0.9584463,
          0.003141289,
          0,
          0.9583882,
          0.28527305,
          -0.010553883,
          0,
          1.2635429,
          1.4635713,
          -0.18772633,
          1
        ]
      },
      {
        "date" : 750335510.218387,
        "title" : "Untitled",
        "transform" : [
          -0.011011484,
          3.858506e-08,
          -0.9999394,
          0,
          -0.2852556,
          0.9584463,
          0.003141289,
          0,
          0.9583882,
          0.28527305,
          -0.010553883,
          0,
          1.2966495,
          1.473426,
          -0.18809089,
          1
        ]
      },
      {
        "date" : 750335462.217057,
        "title" : "Untitled",
        "transform" : [
          -0.011011484,
          3.858506e-08,
          -0.9999394,
          0,
          -0.2852556,
          0.9584463,
          0.003141289,
          0,
          0.9583882,
          0.28527305,
          -0.010553883,
          0,
          0.86158913,
          1.219672,
          0.028173134,
          1
        ]
      },
      {
        "date" : 750335105.729596,
        "title" : "Untitled",
        "transform" : [
          -0.011011484,
          3.858506e-08,
          -0.9999394,
          0,
          -0.2852556,
          0.9584463,
          0.003141289,
          0,
          0.9583882,
          0.28527305,
          -0.010553883,
          0,
          0.848323,
          1.2127625,
          0.041495457,
          1
        ]
      },
      {
        "date" : 750335092.412555,
        "title" : "Untitled",
        "transform" : [
          -0.011011484,
          3.858506e-08,
          -0.9999394,
          0,
          -0.2852556,
          0.9584463,
          0.003141289,
          0,
          0.9583882,
          0.28527305,
          -0.010553883,
          0,
          0.57105607,
          1.0785055,
          0.027933031,
          1
        ]
      },
      {
        "date" : 750334941.697418,
        "title" : "Untitled",
        "transform" : [
          -0.011011484,
          3.858506e-08,
          -0.9999394,
          0,
          -0.2852556,
          0.9584463,
          0.003141289,
          0,
          0.9583882,
          0.28527305,
          -0.010553883,
          0,
          1.0379564,
          1.3045859,
          0.050771315,
          1
        ]
      },
      {
        "date" : 750334889.396736,
        "title" : "Untitled",
        "transform" : [
          -0.0038722537,
          3.8493976e-08,
          -0.99999255,
          0,
          -0.6601774,
          0.75110537,
          0.0025563978,
          0,
          0.7510996,
          0.6601825,
          -0.0029084238,
          0,
          0.58639,
          1.5650407,
          0.05992749,
          1
        ]
      }
    ],
    "9B9257BC-614D-4561-9BBE-F75996143A9D" : [
      {
        "date" : 750266373.608032,
        "title" : "Untitled",
        "transform" : [
          0.21757586,
          4.3501838e-09,
          -0.9760434,
          0,
          -0.23908445,
          0.96953505,
          -0.05329579,
          0,
          0.9463084,
          0.2449527,
          0.21094745,
          0,
          -1.4941036,
          0.5193577,
          -0.38817927,
          1
        ]
      },
      {
        "date" : 750266364.215602,
        "title" : "Untitled",
        "transform" : [
          0.21757586,
          4.3501838e-09,
          -0.9760434,
          0,
          -0.23908445,
          0.96953505,
          -0.05329579,
          0,
          0.9463084,
          0.2449527,
          0.21094745,
          0,
          0.65913326,
          1.0767244,
          0.091812305,
          1
        ]
      },
      {
        "date" : 750266344.674721,
        "title" : "Untitled",
        "transform" : [
          0.21757586,
          4.3501838e-09,
          -0.9760434,
          0,
          -0.23908445,
          0.96953505,
          -0.05329579,
          0,
          0.9463084,
          0.2449527,
          0.21094745,
          0,
          0.8096888,
          1.1156957,
          0.12537362,
          1
        ]
      },
      {
        "date" : 750266340.497086,
        "title" : "Untitled",
        "transform" : [
          -0.15606268,
          3.220138e-08,
          -0.98774713,
          0,
          -0.23929496,
          0.97021055,
          0.03780829,
          0,
          0.9583227,
          0.24226338,
          -0.15141363,
          0,
          0.8096888,
          1.1156957,
          0.12537362,
          1
        ]
      },
      {
        "date" : 750266337.467468,
        "title" : "Untitled",
        "transform" : [
          -0.15606268,
          3.220138e-08,
          -0.98774713,
          0,
          -0.23929496,
          0.97021055,
          0.03780829,
          0,
          0.9583227,
          0.24226338,
          -0.15141363,
          0,
          1.2195243,
          1.2193031,
          0.06062001,
          1
        ]
      },
      {
        "date" : 750266334.989435,
        "title" : "Untitled",
        "transform" : [
          -0.15606269,
          3.2201385e-08,
          -0.98774725,
          0,
          -0.23929496,
          0.97021055,
          0.03780829,
          0,
          0.9583228,
          0.2422634,
          -0.15141365,
          0,
          1.1230308,
          1.1895212,
          0.055823524,
          1
        ]
      },
      {
        "date" : 750266307.340333,
        "title" : "Untitled",
        "transform" : [
          0.8487609,
          3.264941e-08,
          -0.52877694,
          0,
          -0.23885265,
          0.89216596,
          -0.38339186,
          0,
          0.47175676,
          0.4517078,
          0.7572356,
          0,
          0.3311473,
          1.4253109,
          0.96726537,
          1
        ]
      },
      {
        "date" : 750266272.21748,
        "title" : "Untitled",
        "transform" : [
          0.9065842,
          2.7309142e-09,
          -0.422025,
          0,
          -0.16985148,
          0.9154341,
          -0.36487097,
          0,
          0.3863361,
          0.40246782,
          0.82991815,
          0,
          0.3311473,
          1.4253109,
          0.96726537,
          1
        ]
      },
      {
        "date" : 750266248.32588,
        "title" : "Untitled",
        "transform" : [
          0.87286466,
          -2.7004232e-08,
          -0.48796245,
          0,
          -0.19244531,
          0.918945,
          -0.34424517,
          0,
          0.4484107,
          0.39438552,
          0.8021146,
          0,
          0.523296,
          1.763252,
          1.5285224,
          1
        ]
      },
      {
        "date" : 750266230.882636,
        "title" : "Untitled",
        "transform" : [
          0.99524105,
          3.454888e-05,
          -0.09744402,
          0,
          -0.028090857,
          0.9576488,
          -0.28656533,
          0,
          0.093307264,
          0.2879388,
          0.9530924,
          0,
          0.07357634,
          1.3690151,
          1.6247028,
          1
        ]
      }
    ],
    "AC77BE5F-CB5F-43B1-9D5F-758077A31EF9" : [
      {
        "date" : 750257388.17567,
        "title" : "Untitled",
        "transform" : [
          1,
          0,
          0,
          0,
          0,
          0.7071069,
          -0.70710677,
          0,
          0,
          0.70710677,
          0.7071069,
          0,
          0,
          3.3297935,
          3.329795,
          1
        ]
      },
      {
        "date" : 750257377.395272,
        "title" : "Untitled",
        "transform" : [
          1,
          0,
          0,
          0,
          0,
          0.7071069,
          -0.70710677,
          0,
          0,
          0.70710677,
          0.7071069,
          0,
          0,
          2.6388788,
          2.6388793,
          1
        ]
      }
    ],
    "C6A7F375-BFE9-46E0-9EA6-1A6B150F43FD" : [
      {
        "date" : 750410132.004362,
        "title" : "Untitled",
        "transform" : [
          0.44286194,
          2.4250792e-08,
          -0.8965899,
          0,
          -0.38799596,
          0.9015158,
          -0.19164675,
          0,
          0.8082899,
          0.4327462,
          0.39924693,
          0,
          1.574488,
          1.3632469,
          -1.4493793,
          1
        ]
      },
      {
        "date" : 750409837.584184,
        "title" : "Untitled",
        "transform" : [
          0.99523073,
          1.9280044e-08,
          -0.09754866,
          0,
          -0.026787391,
          0.96155715,
          -0.27329537,
          0,
          0.09379861,
          0.274605,
          0.95697117,
          0,
          -0.362382,
          1.0834767,
          0.586396,
          1
        ]
      },
      {
        "date" : 750351311.582382,
        "title" : "Untitled",
        "transform" : [
          0.99523073,
          1.9280044e-08,
          -0.09754866,
          0,
          -0.026787391,
          0.96155715,
          -0.27329537,
          0,
          0.09379861,
          0.274605,
          0.95697117,
          0,
          -1.1865165,
          1.40034,
          1.5983596,
          1
        ]
      },
      {
        "date" : 750351286.294774,
        "title" : "Untitled",
        "transform" : [
          0.06605558,
          2.2182252e-08,
          0.99781597,
          0,
          0.501556,
          0.8644877,
          -0.033203125,
          0,
          -0.8625996,
          0.50265384,
          0.05710423,
          0,
          -12.266991,
          6.759979,
          -0.70034134,
          1
        ]
      },
      {
        "date" : 750351201.560533,
        "title" : "Untitled",
        "transform" : [
          0.06605563,
          -3.772447e-08,
          0.9978159,
          0,
          0.49166113,
          0.8701781,
          -0.032548063,
          0,
          -0.8682776,
          0.4927373,
          0.05748016,
          0,
          -6.0087204,
          3.8229976,
          -1.0883238,
          1
        ]
      },
      {
        "date" : 750351036.786782,
        "title" : "Untitled",
        "transform" : [
          0.06605565,
          -6.968804e-08,
          0.99781597,
          0,
          0.49109834,
          0.87049735,
          -0.032510757,
          0,
          -0.8685961,
          0.49217325,
          0.05750128,
          0,
          -6.0038886,
          3.8201885,
          -1.0911074,
          1
        ]
      },
      {
        "date" : 750351012.27751,
        "title" : "Untitled",
        "transform" : [
          0.06605564,
          1.3896664e-09,
          0.99781597,
          0,
          0.2633799,
          0.96453464,
          -0.01743581,
          0,
          -0.96242803,
          0.2639564,
          0.063712955,
          0,
          -4.176194,
          2.7574615,
          -2.1527781,
          1
        ]
      },
      {
        "date" : 750350765.73205,
        "title" : "Untitled",
        "transform" : [
          0.34257886,
          -2.516714e-09,
          0.93948907,
          0,
          0.45417735,
          0.8753829,
          -0.16561295,
          0,
          -0.82241267,
          0.48343015,
          0.29988766,
          0,
          -3.9287248,
          2.9693487,
          -1.0179061,
          1
        ]
      },
      {
        "date" : 750350627.394826,
        "title" : "Untitled",
        "transform" : [
          0.34257886,
          -2.516714e-09,
          0.93948907,
          0,
          0.45417735,
          0.8753829,
          -0.16561295,
          0,
          -0.82241267,
          0.48343015,
          0.29988766,
          0,
          -1.3465742,
          1.4515119,
          -1.9594712,
          1
        ]
      },
      {
        "date" : 750350057.162343,
        "title" : "Untitled",
        "transform" : [
          0.34257886,
          -2.516714e-09,
          0.93948907,
          0,
          0.45417735,
          0.8753829,
          -0.16561295,
          0,
          -0.82241267,
          0.48343015,
          0.29988766,
          0,
          -5.5115547,
          3.7753768,
          0.33231297,
          1
        ]
      }
    ],
    "FFEA1E90-01EC-4C93-AA56-A015544CCDF5" : [
      {
        "date" : 750285966.325583,
        "title" : "Untitled",
        "transform" : [
          0.9850837,
          -1.0425937e-09,
          0.17207585,
          0,
          0.12991911,
          0.65571195,
          -0.74374914,
          0,
          -0.11283221,
          0.75501114,
          0.6459311,
          0,
          0.021891028,
          1.2898979,
          0.48667747,
          1
        ]
      },
      {
        "date" : 750284795.434609,
        "title" : "Untitled",
        "transform" : [
          0.9850837,
          -1.0425937e-09,
          0.17207585,
          0,
          0.12991911,
          0.65571195,
          -0.74374914,
          0,
          -0.11283221,
          0.75501114,
          0.6459311,
          0,
          -0.010720037,
          1.2612176,
          0.5145049,
          1
        ]
      },
      {
        "date" : 750284793.284532,
        "title" : "Untitled",
        "transform" : [
          0.9850837,
          -1.0425937e-09,
          0.17207585,
          0,
          0.12991911,
          0.65571195,
          -0.74374914,
          0,
          -0.11283221,
          0.75501114,
          0.6459311,
          0,
          -0.07403223,
          1.6848682,
          0.87694854,
          1
        ]
      },
      {
        "date" : 750284791.834193,
        "title" : "Untitled",
        "transform" : [
          0.9850836,
          -1.0425936e-09,
          0.17207584,
          0,
          0.12991911,
          0.65571195,
          -0.74374914,
          0,
          -0.11283221,
          0.75501114,
          0.6459311,
          0,
          -0.027178612,
          1.3713496,
          0.60872537,
          1
        ]
      },
      {
        "date" : 750284788.414828,
        "title" : "Untitled",
        "transform" : [
          0.94173616,
          -1.2136403e-09,
          0.33635232,
          0,
          0.17628333,
          0.85165477,
          -0.49356717,
          0,
          -0.28645605,
          0.52410334,
          0.802034,
          0,
          -0.17372069,
          1.1662147,
          0.7182135,
          1
        ]
      },
      {
        "date" : 750284785.284215,
        "title" : "Untitled",
        "transform" : [
          0.82189417,
          7.501991e-10,
          0.56964016,
          0,
          0.403373,
          0.70609313,
          -0.58199894,
          0,
          -0.402219,
          0.70811903,
          0.58033377,
          0,
          -0.30005088,
          1.328529,
          0.5698049,
          1
        ]
      },
      {
        "date" : 750284783.285182,
        "title" : "Untitled",
        "transform" : [
          0.8218943,
          7.5019924e-10,
          0.5696402,
          0,
          0.403373,
          0.70609313,
          -0.58199894,
          0,
          -0.40221906,
          0.7081191,
          0.5803338,
          0,
          -0.3275048,
          1.3729622,
          0.62194073,
          1
        ]
      },
      {
        "date" : 750284578.70439,
        "title" : "Untitled",
        "transform" : [
          0.9998449,
          7.325287e-10,
          0.017614739,
          0,
          0.01249095,
          0.7050875,
          -0.70901036,
          0,
          -0.01242001,
          0.7091204,
          0.70497805,
          0,
          0.08239922,
          1.4438269,
          0.7902585,
          1
        ]
      },
      {
        "date" : 750266483.988132,
        "title" : "Untitled",
        "transform" : [
          0.97707945,
          1.7932409e-09,
          0.212875,
          0,
          0.0801045,
          0.9264986,
          -0.36767352,
          0,
          -0.19722842,
          0.37629843,
          0.9052627,
          0,
          -0.17659144,
          1.1072253,
          1.2629502,
          1
        ]
      },
      {
        "date" : 750266480.917951,
        "title" : "Untitled",
        "transform" : [
          0.74022233,
          3.6217527e-09,
          -0.6723622,
          0,
          -0.34827104,
          0.85539204,
          -0.3834213,
          0,
          0.5751332,
          0.51798123,
          0.6331803,
          0,
          0.4641197,
          1.2296543,
          0.9280855,
          1
        ]
      }
    ]
  },
  "sceneViewportBackgroundColors" : {

  },
  "selectedSceneRelativePath" : "Immersive.usda"
}